0,490,160,250,750,100,400,715,1270,410
490,0,330,515,880,590,800,1115,1760,700
160,330,0,255,740,265,500,820,1435,350
250,515,255,0,505,290,290,600,1370,180
750,880,740,505,0,770,510,575,1605,450
100,590,265,290,770,0,355,660,1170,465
400,800,500,290,510,355,0,325,1145,405
715,1115,820,600,575,660,325,0,1055,670
1270,1760,1435,1370,1605,1170,1145,1055,0,1530
410,700,350,180,450,465,405,670,1530,0